Index,Au,Pd,Pt,Ru
1,56.3,32.95,5.59,5.15
2,52.09,36.28,5.76,5.87
3,49.05,39.3,5.47,6.18
4,45.92,41.84,5.57,6.68
5,42.77,44.49,5.37,7.38
6,38.62,47.47,5.49,8.43
7,36.27,49.09,5.04,9.6
8,32.97,51.11,5.36,10.56
9,29.67,53.5,5.0,11.83
10,26.59,55.02,4.75,13.64
11,24.24,56.84,4.68,14.23
12,60.02,28.45,6.79,4.75
13,57.25,30.46,7.01,5.28
14,53.18,34.59,6.46,5.78
15,49.18,36.88,7.02,6.92
16,45.95,39.85,6.57,7.63
17,43.41,41.94,6.6,8.05
18,39.17,44.54,6.49,9.8
19,36.37,45.99,6.31,11.33
20,33.51,48.91,5.95,11.63
21,30.33,50.74,5.69,13.24
22,26.9,52.81,5.65,14.64
23,24.05,54.76,5.47,15.73
24,21.27,56.24,5.52,16.97
25,64.24,23.87,7.54,4.35
26,60.48,26.77,7.55,5.19
27,56.4,29.57,7.84,6.18
28,52.71,32.96,7.86,6.48
29,49.3,35.2,8.02,7.48
30,46.29,37.67,7.49,8.55
31,42.23,39.87,7.76,10.13
32,39.56,42.19,7.49,10.76
33,36.15,44.31,7.31,12.24
34,32.87,46.44,6.92,13.77
35,30.18,47.87,6.63,15.31
36,26.99,49.94,6.7,16.37
37,23.8,52.22,6.21,17.78
38,21.1,53.68,5.91,19.3
39,18.58,55.27,5.86,20.29
40,67.4,19.1,9.06,4.44
41,63.96,22.31,9.48,4.24
42,60.12,24.72,9.16,6.0
43,55.64,27.84,9.38,7.15
44,52.38,30.58,9.58,7.46
45,49.08,33.27,9.06,8.59
46,45.56,35.62,9.11,9.71
47,42.39,37.96,8.95,10.7
48,38.83,39.96,8.69,12.52
49,35.88,42.02,8.44,13.66
50,32.99,44.11,8.2,14.7
51,29.51,45.9,7.75,16.84
52,26.83,47.77,7.36,18.04
53,23.76,48.78,7.31,20.15
54,20.91,50.9,6.7,21.5
55,18.4,52.6,6.53,22.48
56,16.27,53.77,6.17,23.8
57,69.4,16.16,10.44,3.99
58,65.83,18.54,11.16,4.46
59,62.6,21.01,11.11,5.28
60,58.4,23.77,11.18,6.66
61,54.71,26.55,11.46,7.28
62,50.95,29.46,11.34,8.25
63,48.0,31.35,11.21,9.44
64,44.6,33.63,10.73,11.03
65,41.3,35.74,10.92,12.04
66,38.19,37.85,10.09,13.87
67,35.13,39.7,9.77,15.4
68,32.3,41.34,9.32,17.04
69,29.15,43.26,9.04,18.55
70,26.0,45.39,8.37,20.24
71,23.07,46.9,8.18,21.85
72,20.64,48.42,7.68,23.27
73,18.11,49.4,7.22,25.28
74,15.95,50.86,6.83,26.36
75,13.7,51.91,6.66,27.73
76,68.04,15.1,12.75,4.11
77,63.59,17.83,12.98,5.61
78,60.23,20.12,13.26,6.39
79,56.99,22.18,13.53,7.3
80,53.33,24.89,13.09,8.7
81,50.1,27.07,13.33,9.49
82,46.71,29.63,13.0,10.66
83,43.01,31.75,12.74,12.5
84,40.29,33.58,12.21,13.92
85,36.9,36.16,11.71,15.23
86,34.24,37.35,11.35,17.05
87,30.47,39.44,10.92,19.17
88,27.94,40.82,10.32,20.92
89,25.25,43.1,9.68,21.97
90,22.76,44.21,9.1,23.94
91,20.11,45.47,8.78,25.64
92,17.69,46.49,8.33,27.49
93,15.48,48.28,7.7,28.54
94,13.67,48.77,7.21,30.35
95,67.88,13.01,14.92,4.19
96,65.41,14.27,15.42,4.9
97,61.97,16.92,15.67,5.44
98,58.32,19.07,15.69,6.91
99,54.94,20.99,15.87,8.2
100,51.96,23.28,15.43,9.33
101,48.33,25.62,15.19,10.86
102,44.73,28.06,14.88,12.33
103,41.47,30.24,14.44,13.85
104,38.46,31.87,13.86,15.81
105,35.59,33.88,13.39,17.14
106,33.08,35.27,13.07,18.59
107,29.97,36.96,12.04,21.03
108,26.54,38.21,11.84,23.42
109,24.34,40.16,11.27,24.23
110,22.21,41.37,10.41,26.02
111,19.28,42.89,9.92,27.91
112,17.09,44.23,9.31,29.37
113,15.05,45.37,8.82,30.76
114,13.16,45.36,8.2,33.29
115,11.58,46.73,7.69,34.0
116,65.31,12.97,17.47,4.25
117,62.15,14.39,17.99,5.48
118,59.1,15.76,18.2,6.95
119,56.33,17.78,18.12,7.77
120,53.65,19.32,18.2,8.82
121,49.94,22.35,17.75,9.96
122,46.47,24.17,17.27,12.09
123,42.85,26.31,17.04,13.8
124,40.13,28.15,16.56,15.17
125,37.33,29.82,16.0,16.84
126,34.16,31.68,15.42,18.74
127,31.38,33.1,14.7,20.82
128,28.64,34.8,14.07,22.49
129,26.14,35.85,13.27,24.73
130,23.64,37.25,12.81,26.29
131,20.93,39.11,12.1,27.87
132,18.45,40.13,11.31,30.11
133,16.22,41.5,10.55,31.73
134,14.15,42.02,9.94,33.89
135,12.19,42.64,9.39,35.77
136,11.17,43.51,8.46,36.86
137,61.99,11.9,20.46,5.65
138,59.39,12.95,21.06,6.6
139,55.98,15.06,21.23,7.73
140,53.21,16.85,20.93,9.02
141,50.16,18.43,20.74,10.67
142,47.35,20.31,20.74,11.6
143,43.85,22.8,19.77,13.57
144,41.58,24.1,19.13,15.18
145,38.28,25.44,18.98,17.3
146,35.05,28.43,17.73,18.79
147,32.47,29.48,17.27,20.78
148,30.45,30.74,16.54,22.27
149,27.28,33.01,15.87,23.84
150,24.46,34.01,15.27,26.26
151,22.21,35.24,14.25,28.3
152,19.62,36.48,13.45,30.45
153,17.18,37.82,12.53,32.47
154,15.64,38.5,11.72,34.14
155,13.67,39.03,11.04,36.25
156,12.0,40.08,10.29,37.62
157,10.92,40.5,8.98,39.61
158,58.61,11.08,23.83,6.48
159,55.91,12.39,23.91,7.78
160,53.04,14.79,23.64,8.52
161,50.7,16.02,24.02,9.26
162,47.37,17.33,23.71,11.59
163,44.41,19.31,22.87,13.41
164,41.7,20.94,22.22,15.14
165,38.78,22.82,21.83,16.58
166,36.13,24.26,20.74,18.88
167,33.5,25.55,19.65,21.3
168,30.19,27.88,19.31,22.62
169,28.42,29.41,18.48,23.69
170,25.51,29.75,17.73,27.01
171,23.53,31.64,16.71,28.13
172,20.76,33.04,15.99,30.21
173,18.34,34.08,14.89,32.69
174,16.81,34.46,14.21,34.52
175,14.95,35.76,13.06,36.24
176,12.95,36.03,12.02,39.0
177,11.5,36.74,11.75,40.01
178,10.52,36.86,10.27,42.35
179,55.29,10.96,26.99,6.76
180,52.8,11.89,27.39,7.91
181,49.85,12.63,27.38,10.14
182,47.46,14.68,26.77,11.1
183,44.45,16.36,26.44,12.74
184,42.03,17.67,25.56,14.73
185,39.83,19.01,24.83,16.33
186,36.47,21.12,24.23,18.19
187,34.15,22.06,23.46,20.34
188,31.27,23.85,22.39,22.49
189,29.07,24.94,21.81,24.19
190,26.34,26.68,20.4,26.58
191,23.85,27.73,19.45,28.96
192,21.74,28.81,18.82,30.63
193,19.84,29.78,17.48,32.9
194,17.56,30.94,16.88,34.63
195,15.49,31.73,15.84,36.93
196,14.28,32.66,14.8,38.27
197,11.78,33.46,13.7,41.07
198,10.65,33.89,12.2,43.25
199,9.58,33.5,11.37,45.55
200,52.27,9.82,30.41,7.5
201,49.48,11.44,30.42,8.65
202,47.47,12.37,30.4,9.75
203,44.77,13.3,30.18,11.75
204,41.63,14.85,29.43,14.09
205,39.45,16.33,28.42,15.8
206,36.78,17.85,27.79,17.57
207,34.59,18.9,26.55,19.96
208,31.89,20.5,25.88,21.73
209,29.62,21.17,24.99,24.22
210,26.77,23.3,23.6,26.33
211,24.9,23.76,22.83,28.51
212,22.68,25.49,21.93,29.9
213,20.73,26.55,20.44,32.27
214,18.79,27.11,19.46,34.64
215,16.53,28.5,18.35,36.62
216,14.39,29.53,17.34,38.74
217,12.85,30.13,16.18,40.85
218,11.62,30.2,14.64,43.55
219,10.42,30.7,13.86,45.02
220,9.21,30.67,12.66,47.46
221,47.9,10.23,33.37,8.5
222,46.5,9.76,33.97,9.78
223,43.91,11.39,33.47,11.22
224,42.08,11.9,33.21,12.81
225,38.99,13.75,32.18,15.08
226,37.54,14.59,31.54,16.33
227,33.87,16.44,30.27,19.43
228,32.18,17.26,29.65,20.92
229,29.68,18.61,27.91,23.8
230,27.63,19.36,26.81,26.2
231,25.25,20.7,26.12,27.93
232,23.23,21.89,24.66,30.23
233,21.07,22.97,23.56,32.4
234,19.17,24.02,22.55,34.26
235,17.03,24.54,21.56,36.86
236,15.38,25.43,20.37,38.82
237,13.53,26.39,18.96,41.12
238,12.38,26.61,17.45,43.57
239,11.05,27.36,16.29,45.29
240,9.82,27.81,14.82,47.55
241,8.77,27.39,13.67,50.17
242,43.17,9.51,37.12,10.2
243,41.23,10.23,36.51,12.02
244,38.43,11.8,35.89,13.88
245,36.41,12.43,35.39,15.77
246,34.08,13.85,34.3,17.77
247,32.32,14.53,33.36,19.79
248,29.3,15.58,32.1,23.01
249,27.63,16.47,30.8,25.1
250,25.57,17.67,29.37,27.39
251,23.91,17.75,28.15,30.19
252,21.34,19.69,26.52,32.44
253,19.73,20.48,25.51,34.28
254,17.87,21.58,24.16,36.39
255,16.08,22.61,23.25,38.07
256,14.37,22.62,21.99,41.01
257,12.74,23.08,20.74,43.44
258,11.29,23.95,19.29,45.47
259,10.15,23.82,17.93,48.1
260,9.21,23.8,16.32,50.66
261,40.83,8.96,39.8,10.42
262,37.27,9.81,39.38,13.54
263,36.57,9.85,39.35,14.24
264,34.4,11.68,38.1,15.82
265,31.82,12.27,37.44,18.47
266,29.58,12.94,35.94,21.55
267,27.36,14.24,34.65,23.74
268,25.79,14.78,33.25,26.18
269,23.82,15.41,32.27,28.51
270,21.5,16.67,30.54,31.29
271,20.1,17.09,29.28,33.54
272,18.33,18.21,27.8,35.66
273,16.36,18.92,26.7,38.02
274,14.9,19.63,25.32,40.15
275,13.14,20.56,23.73,42.57
276,12.02,20.64,22.34,45.0
277,10.73,20.73,20.82,47.73
278,9.35,20.97,19.38,50.31
279,8.64,21.52,17.71,52.13
280,35.29,8.18,43.03,13.51
281,33.4,9.25,41.92,15.44
282,31.62,10.25,41.18,16.94
283,29.24,10.97,40.5,19.3
284,27.15,11.81,38.96,22.07
285,25.25,12.65,37.47,24.63
286,23.83,13.03,36.05,27.09
287,22.04,14.03,34.56,29.38
288,19.94,14.91,33.16,31.99
289,18.36,15.46,31.51,34.67
290,16.81,16.04,29.75,37.39
291,14.98,16.65,28.48,39.9
292,13.97,17.86,26.52,41.65
293,11.99,18.16,25.47,44.38
294,11.01,18.2,23.67,47.12
295,9.73,18.93,22.03,49.31
296,9.05,18.45,20.31,52.2
297,31.27,8.27,45.59,14.87
298,28.29,9.59,44.63,17.49
299,26.42,9.7,43.31,20.57
300,24.95,10.92,41.34,22.79
301,23.41,11.27,39.78,25.55
302,21.59,11.42,38.35,28.64
303,19.61,12.2,36.94,31.25
304,18.19,12.91,35.3,33.6
305,16.84,13.92,33.01,36.24
306,15.54,14.02,32.06,38.38
307,13.71,15.22,29.94,41.13
308,12.16,15.64,28.84,43.36
309,11.09,15.37,27.11,46.42
310,10.11,15.74,25.11,49.04
311,9.03,16.61,23.19,51.16
312,26.34,8.34,47.37,17.95
313,24.51,9.16,45.64,20.69
314,22.91,10.01,44.12,22.96
315,21.18,10.14,42.69,25.99
316,20.08,10.31,41.45,28.17
317,18.48,11.03,39.15,31.34
318,16.48,11.61,37.43,34.48
319,15.48,12.3,35.76,36.47
320,14.0,12.83,33.43,39.74
321,12.59,12.92,32.24,42.26
322,11.2,13.84,30.32,44.65
323,10.04,13.83,28.59,47.53
324,9.32,13.93,26.84,49.91
325,22.56,8.1,48.68,20.65
326,21.09,8.44,47.68,22.79
327,18.96,9.34,45.41,26.29
328,17.8,9.46,43.97,28.77
329,16.88,10.47,41.3,31.35
330,15.17,10.43,39.7,34.7
331,13.76,10.79,37.6,37.86
332,12.37,10.77,36.32,40.55
333,11.22,11.5,34.07,43.2
334,10.29,11.58,31.63,46.5
335,9.19,12.12,30.09,48.6
336,17.39,7.64,47.84,27.13
337,16.52,8.29,45.68,29.51
338,15.26,8.57,43.48,32.69
339,13.41,9.31,41.86,35.42
340,12.53,9.49,39.51,38.48
341,11.44,9.46,37.52,41.58
342,10.5,9.92,35.89,43.69
